0
0.0998334
0.198669
0.29552
0.389418
0.479426
0.564642
0.644218
0.717356
0.783327
0.841471
1.1
1.7
1.2
0.98545
0.997495
0.999574
0.991665
0.973848
0.9463
0.909297
0.6
0.5
0.6
0.675463
0.598472
0.515501
0.42738
0.334988
0.239249
0.14112
0.0415807
-0.0583741
-0.157746
-0.255541
-0.350783
-0.44252
0.5
2
-0.1
-0.756802
-0.818277
-0.871576
-0.916166
-0.951602
-0.97753
-0.993691
-0.999923
-0.996165
-0.982453
-0.958924
-0.925815
-0.883455
-1.7
-1
-0.70554
-0.631267
-0.550686
-0.464602
-0.373877
-0.279415
-0.182163
-0.0830894
0.0168139
0.116549
0.21512
0.311541
1.2
0.494113
0.57844
0.656987
0.728969
0.793668
0.850437
0.898708
0.938
0.96792
0.988168
0.998543
0.998941
0.989358
0.96989
0.940731
0.902172
0.854599
0.798487
0.734397
0.662969
0.584917
0.501021
0.412118
0.319098
0.22289
0.124454
0.0247754
-0.0751511
-0.174327
-0.271761
-0.366479
-0.457536
